0.944,
0.928,
2.027,
1.399,
1.510,
2.108,
4.785,
3.122,
3.107,
3.089,
75.815,
75.727,
77.074,
99.323,
97.587,
97.249,
115.166,
114.694,
114.708,
2.458,
1.647,
1.649,
2.498,
2.536,
1.941,
1.607,
2.035,
75.478,
75.450,
75.321,
97.123,
97.053,
97.232,
114.335,
114.544,
115.323,
2.035,
2.013,
1.999,
75.558,
75.412,
75.212,
97.500,
97.485,
97.205,
116.289,
115.721,
115.710,
0.861,
0.853,
1.942,
1.647,
2.343,
2.333,
2.327,
75.525,
75.717,
75.710,
97.415,
97.331,
97.082,
115.773,
115.728,
115.738,
3.852,
1.834,
1.735,
75.500,
75.483,
75.425,
98.051,
97.338,
97.581,
114.927,
114.658,
114.793,
3.399,
1.978,
1.899,
75.731,
75.153,
75.192,
98.527,
97.817,
97.841,
115.087,
114.967,
114.503,
1.199,
1.191,
1.181,
1.375,
1.368,
2.143,
1.418,
5.454,
5.344,
5.318,
76.370,
76.810,
76.791,
97.623,
97.375,
97.430,
114.488,
115.010,
114.694,
1.662,
1.483,
1.576,
2.441,
2.421,
1.936,
2.137,
2.665,
75.573,
79.379,
78.929,
97.076,
97.242,
97.478,
115.049,
114.703,
114.659,
17.445,
17.681,
1.901,
1.322,
2.048,
1.954,
2.185,
75.439,
75.283,
75.125,
97.591,
97.283,
97.236,
114.308,
115.188,
114.640,
1.883,
1.970,
2.021,
75.439,
76.084,
76.710,
99.325,
99.278,
99.168,
115.481,
115.759,
115.354,
1.946,
1.319,
6.475,
2.239,
5.613,
75.636,
75.521,
76.672,
97.109,
97.709,
97.640,
114.376,
114.406,
114.379,
0.797,
0.767,
2.144,
2.118,
2.152,
2.129,
2.133,
75.459,
75.298,
75.565,
97.310,
97.369,
97.212,
114.700,
114.325,
114.652,
0.808,
0.799,
1.221,
1.214,
1.914,
1.424,
1.509,
3.750,
3.760,
2.488,
2.503,
2.014,
75.423,
75.063,
75.675,
97.759,
97.295,
97.215,
114.865,
114.621,
114.385,
0.938,
0.928,
2.210,
2.141,
1.899,
6.924,
2.193,
75.872,
75.617,
75.265,
97.533,
97.506,
97.407,
115.139,
121.052,
120.135,
1.879,
1.961,
1.855,
2.295,
2.033,
1.962,
75.707,
75.610,
75.572,
97.292,
97.220,
97.707,
114.703,
116.489,
114.663,
1.183,
1.173,
0.908,
0.900,
3.033,
1.924,
2.188,
75.658,
75.587,
75.574,
97.451,
97.138,
97.786,
114.326,
114.909,
114.892,
2.361,
2.345,
2.483,
2.316,
2.266,
2.291,
76.142,
74.926,
75.514,
97.698,
97.332,
97.337,
114.253,
115.132,
114.208,
2.355,
2.340,
1.802,
2.265,
2.223,
76.464,
75.675,
80.900,
97.099,
97.282,
97.576,
114.249,
115.232,
114.581,
1.812,
2.021,
1.610,
75.974,
75.918,
75.628,
97.279,
97.062,
97.682,
114.740,
114.846,
114.839,
2.358,
2.348,
2.594,
1.585,
1.566,
2.030,
2.015,
2.171,
2.283,
1.863,
2.117,
75.363,
75.126,
75.529,
97.382,
97.245,
97.427,
114.531,
114.452,
114.463,
0.912,
0.894,
2.231,
1.785,
1.735,
75.593,
75.490,
75.545,
97.208,
97.091,
97.443,
114.481,
114.903,
114.879,
0.976,
1.001,
2.078,
2.030,
1.755,
2.002,
1.590,
75.982,
75.987,
75.908,
97.095,
97.645,
97.778,
114.807,
114.712,
114.926,
1.255,
1.303,
1.906,
1.422,
2.466,
2.168,
2.504,
1.869,
2.802,
2.766,
75.356,
75.064,
75.448,
97.442,
97.773,
97.725,
96.076,
95.833,
95.984,
116.246,
115.500,
115.507,
2.369,
3.132,
2.000,
1.969,
2.011,
75.243,
75.415,
75.034,
97.070,
97.533,
97.512,
114.712,
114.664,
115.202,
7.080,
7.082,
1.012,
1.001,
2.066,
2.331,
2.356,
1.918,
2.044,
1.986,
1.946,
2.038,
1.958,
75.424,
75.556,
75.404,
97.921,
97.398,
97.393,
114.454,
114.690,
114.485,
1.172,
1.259,
2.115,
2.147,
2.936,
2.097,
2.243,
2.196,
2.159,
76.284,
76.113,
75.977,
97.498,
97.407,
97.452,
114.881,
115.167,
114.266,
1.107,
1.099,
2.550,
2.401,
2.215,
2.194,
1.794,
88.634,
87.992,
87.980,
97.519,
97.698,
97.654,
114.840,
114.419,
114.054,
1.961,
1.340,
1.332,
1.902,
2.108,
2.094,
76.374,
77.750,
77.387,
98.791,
98.710,
98.339,
115.143,
116.099,
114.076,
0.944,
0.963,
0.930,
2.208,
1.442,
1.425,
2.285,
2.317,
2.195,
2.333,
2.109,
2.015,
75.660,
75.543,
75.097,
97.355,
97.446,
97.167,
115.229,
114.525,
114.492,
1.227,
1.217,
0.901,
0.889,
2.066,
1.301,
2.288,
2.276,
3.648,
3.450,
2.273,
75.586,
75.654,
74.962,
103.764,
103.598,
103.129,
116.046,
115.563,
116.153,
0.890,
0.882,
2.341,
2.299,
1.895,
1.893,
1.832,
76.101,
75.408,
75.735,
97.622,
97.539,
97.036,
114.420,
114.649,
114.877,
1.248,
1.236,
1.225,
2.297,
2.173,
2.549,
2.008,
2.341,
75.858,
75.534,
75.067,
97.470,
97.188,
97.451,
115.123,
114.766,
115.224,
3.212,
3.282,
3.278,
1.810,
1.696,
2.291,
2.092,
2.007,
75.923,
75.809,
75.818,
97.538,
97.185,
97.121,
115.709,
115.688,
115.679,
1.863,
1.284,
1.326,
2.617,
2.613,
2.419,
2.870,
4.673,
4.219,
75.490,
75.396,
75.535,
97.495,
97.100,
97.457,
114.297,
114.787,
115.041,
1.543,
1.108,
1.050,
1.050,
2.400,
2.300,
2.278,
2.636,
2.422,
1.900,
75.696,
75.548,
75.489,
97.527,
97.498,
97.487,
115.611,
116.439,
115.597,
19.783,
19.368,
19.232,
76.226,
76.176,
75.544,
97.296,
97.633,
97.235,
115.164,
115.001,
114.699,
1.741,
1.316,
2.693,
2.010,
1.913,
1.962,
1.850,
81.241,
81.080,
80.342,
97.566,
97.061,
97.103,
114.736,
114.481,
114.834,
1.222,
1.213,
2.002,
1.934,
2.223,
2.153,
2.288,
1.874,
2.023,
1.802,
75.567,
75.428,
75.557,
97.213,
97.215,
97.459,
114.823,
114.779,
114.810,
1.285,
1.277,
1.929,
1.453,
2.227,
2.029,
2.170,
76.028,
75.766,
75.311,
99.042,
97.405,
98.372,
114.815,
114.727,
115.072,
5.039,
2.181,
2.027,
4.016,
3.940,
3.898,
75.742,
75.313,
75.291,
97.198,
97.559,
97.064,
114.595,
114.803,
114.327,
0.831,
0.830,
0.822,
1.058,
1.052,
2.257,
1.451,
2.552,
2.858,
2.075,
1.965,
1.948,
2.097,
75.433,
75.493,
75.107,
97.247,
97.595,
97.187,
114.869,
114.679,
115.180,
1.918,
1.954,
2.095,
75.630,
75.583,
75.417,
97.382,
97.353,
97.364,
114.769,
114.468,
114.772,
0.873,
0.870,
3.564,
2.761,
2.411,
1.860,
2.107,
78.029,
77.995,
77.753,
97.788,
97.773,
97.239,
114.933,
115.195,
114.596,
1.915,
1.321,
1.406,
2.375,
6.869,
2.494,
2.407,
2.218,
75.525,
75.417,
75.604,
97.796,
97.664,
97.577,
114.640,
114.763,
115.274,
1.035,
1.018,
2.634,
1.539,
1.522,
1.926,
1.746,
2.248,
2.232,
1.737,
75.387,
75.246,
75.473,
97.609,
97.170,
97.169,
116.239,
116.054,
116.046,
1.859,
1.341,
1.284,
2.122,
2.088,
2.081,
2.198,
2.105,
2.015,
75.634,
75.590,
75.328,
98.957,
98.905,
98.866,
95.941,
95.687,
114.950,
116.413,
114.400,
1.934,
1.935,
1.632,
75.593,
75.560,
75.543,
97.124,
97.619,
97.240,
114.797,
114.905,
114.464,
1.027,
1.016,
1.782,
1.390,
2.333,
2.319,
2.256,
4.147,
1.801,
2.018,
94.455,
94.223,
93.862,
97.500,
97.230,
97.201,
114.127,
114.152,
114.513,
5.218,
2.255,
3.394,
2.408,
2.392,
2.086,
2.073,
2.067,
75.879,
75.187,
75.541,
97.675,
97.661,
97.635,
114.701,
115.118,
114.715,
2.917,
2.047,
1.794,
1.832,
1.637,
2.041,
2.020,
1.870,
75.722,
75.561,
75.457,
97.656,
97.600,
97.531,
115.408,
114.363,
115.156,
2.399,
2.381,
2.271,
1.998,
2.171,
75.507,
75.633,
75.511,
97.508,
97.074,
97.470,
115.339,
114.351,
115.342,
2.657,
1.844,
2.147,
2.172,
2.009,
76.232,
75.856,
75.435,
97.068,
97.127,
97.566,
115.269,
114.211,
114.803,
1.044,
1.039,
1.892,
1.228,
2.292,
2.280,
6.696,
6.412,
3.159,
75.830,
75.715,
75.370,
97.280,
97.203,
97.494,
114.898,
114.739,
113.948,
1.034,
1.023,
1.741,
1.388,
3.384,
2.259,
2.245,
75.966,
75.637,
75.318,
97.428,
97.665,
97.447,
95.895,
95.930,
115.262,
114.847,
114.816,
0.946,
0.936,
0.924,
1.772,
2.100,
1.813,
75.714,
75.625,
75.340,
97.485,
97.390,
97.360,
114.472,
114.237,
115.303,
7.228,
1.661,
11.235,
2.371,
2.397,
1.944,
2.024,
1.871,
77.311,
77.016,
76.993,
107.043,
106.786,
106.769,
114.901,
114.478,
114.237,
1.150,
1.174,
2.665,
2.657,
2.646,
2.193,
22.212,
21.529,
75.569,
75.547,
75.477,
97.596,
97.149,
97.535,
115.387,
114.457,
114.768,
1.161,
1.154,
1.804,
1.465,
2.669,
1.871,
2.136,
75.395,
75.385,
75.588,
97.232,
97.616,
97.832,
114.968,
114.797,
114.770,
1.928,
1.424,
2.475,
2.464,
2.245,
1.815,
2.676,
75.545,
75.644,
75.469,
97.568,
97.248,
97.235,
114.808,
114.991,
114.741,
2.300,
2.165,
2.000,
75.676,
75.704,
75.352,
104.042,
103.767,
103.723,
114.454,
114.857,
114.843,
1.986,
1.349,
2.020,
2.400,
2.325,
7.913,
2.336,
75.539,
75.793,
75.385,
97.719,
97.234,
97.173,
114.673,
114.169,
115.955,
1.856,
1.758,
1.860,
3.505,
2.165,
2.160,
2.133,
2.144,
75.290,
75.598,
75.123,
97.128,
97.431,
97.338,
114.308,
114.181,
115.028,
2.343,
2.339,
2.341,
2.108,
2.040,
2.180,
2.517,
2.025,
75.574,
75.546,
75.560,
97.613,
97.732,
97.193,
114.648,
114.648,
114.510,
2.022,
3.279,
7.463,
2.402,
8.022,
2.035,
75.674,
75.502,
75.565,
97.353,
97.540,
97.592,
114.472,
114.465,
114.847,
1.778,
1.342,
1.395,
1.818,
2.035,
2.102,
78.497,
78.082,
77.736,
97.681,
97.187,
97.217,
115.163,
114.581,
114.546,
2.236,
2.229,
2.134,
75.438,
75.442,
75.579,
97.398,
97.629,
97.600,
119.422,
119.390,
119.441,
1.015,
1.070,
1.063,
2.455,
2.396,
13.297,
1.988,
1.937,
2.052,
75.793,
75.301,
75.230,
97.675,
97.380,
97.763,
114.854,
116.112,
115.940,
1.181,
1.202,
1.969,
1.438,
1.333,
2.311,
6.001,
2.250,
75.437,
75.610,
75.577,
97.692,
97.067,
97.805,
114.933,
115.980,
115.361,
2.546,
1.447,
1.729,
1.736,
2.193,
2.145,
1.945,
1.938,
1.907,
93.709,
92.917,
92.605,
97.153,
97.128,
97.063,
114.155,
115.020,
114.449,
2.281,
1.750,
6.247,
75.442,
75.469,
75.466,
97.607,
97.414,
97.104,
115.175,
114.842,
114.388,
2.374,
2.297,
2.266,
2.258,
6.473,
6.451,
75.958,
75.609,
75.552,
97.728,
97.305,
97.030,
114.503,
114.902,
114.890,
2.183,
2.065,
2.376,
2.191,
2.148,
2.208,
75.497,
75.614,
75.482,
97.732,
97.577,
97.223,
114.480,
115.924,
116.065,
2.050,
1.794,
3.948,
83.098,
82.932,
82.389,
97.166,
97.545,
97.444,
114.728,
114.233,
114.969,
1.908,
1.868,
2.207,
75.624,
77.291,
76.803,
97.615,
97.027,
97.489,
113.890,
114.099,
114.266,
0.935,
0.920,
2.474,
1.514,
2.065,
2.053,
2.225,
88.555,
88.393,
88.192,
97.401,
97.379,
97.288,
114.313,
114.942,
114.236,
1.659,
1.454,
1.366,
2.042,
1.948,
2.281,
2.159,
2.013,
2.036,
1.905,
75.974,
75.481,
75.042,
99.140,
98.550,
98.480,
115.056,
115.150,
114.587,
2.650,
1.989,
1.949,
2.268,
2.209,
2.197,
1.856,
2.253,
1.696,
75.382,
75.471,
75.566,
97.457,
97.486,
97.371,
114.948,
115.109,
114.929,
7.562,
2.172,
2.214,
1.993,
1.874,
2.180,
76.087,
75.426,
75.053,
104.121,
104.057,
103.931,
115.685,
115.637,
115.993,
1.111,
1.098,
2.423,
2.409,
2.388,
1.958,
2.217,
1.665,
77.443,
76.850,
76.833,
97.257,
97.243,
97.606,
115.682,
115.924,
115.565,
1.974,
1.966,
1.953,
75.586,
74.987,
75.453,
97.194,
97.061,
97.066,
115.135,
115.010,
114.219,
0.951,
0.943,
2.195,
1.507,
2.083,
2.377,
7.480,
2.520,
1.788,
2.206,
75.397,
75.563,
75.543,
99.729,
99.403,
99.418,
115.599,
115.607,
115.762,
1.707,
7.424,
2.113,
2.319,
2.005,
2.175,
2.169,
75.310,
75.518,
75.141,
97.764,
97.705,
97.187,
116.457,
114.380,
114.871,
1.028,
1.021,
1.921,
2.027,
1.866,
75.847,
77.262,
77.232,
97.230,
97.568,
97.510,
114.528,
114.405,
115.184,
1.024,
1.016,
1.726,
3.425,
1.795,
2.000,
7.205,
2.067,
1.984,
75.636,
75.640,
75.087,
97.439,
97.899,
97.402,
114.939,
114.690,
114.239,
2.154,
2.175,
1.862,
2.009,
1.977,
75.570,
75.261,
74.993,
97.243,
97.724,
97.684,
114.751,
115.006,
115.271,
1.791,
1.691,
2.005,
75.203,
75.427,
74.982,
97.697,
97.406,
97.254,
114.873,
114.776,
114.034,
1.895,
1.865,
2.249,
75.700,
75.449,
75.456,
97.475,
97.276,
97.117,
114.770,
114.381,
114.163,
2.964,
2.142,
2.133,
2.026,
2.262,
2.276,
2.137,
75.894,
75.869,
75.846,
97.203,
97.097,
97.483,
114.295,
114.669,
114.415,
2.025,
1.848,
1.817,
75.784,
74.898,
75.072,
97.430,
97.554,
97.032,
114.606,
121.088,
121.076,
0.982,
0.979,
0.981,
0.974,
0.965,
2.213,
2.145,
2.131,
2.275,
5.497,
5.358,
75.411,
74.966,
75.370,
97.217,
97.256,
97.239,
114.013,
114.314,
114.622,
1.640,
1.496,
1.393,
2.953,
2.904,
1.870,
1.589,
2.473,
100.992,
100.197,
99.973,
97.912,
97.884,
97.657,
114.186,
115.813,
115.678,
1.312,
1.305,
1.891,
1.410,
1.248,
3.368,
1.795,
2.788,
75.551,
75.444,
75.747,
99.297,
99.247,
98.870,
114.306,
114.775,
114.425,
2.129,
1.828,
9.504,
77.402,
77.198,
77.038,
97.327,
97.158,
97.669,
114.692,
115.132,
114.413,
1.070,
1.086,
1.886,
1.328,
1.331,
2.000,
5.997,
2.194,
7.586,
7.627,
75.742,
75.588,
75.399,
97.527,
97.028,
96.968,
113.873,
115.604,
114.321,
2.742,
3.231,
2.258,
2.251,
2.237,
1.834,
2.103,
1.725,
75.604,
75.391,
75.414,
97.692,
97.435,
97.178,
115.075,
115.435,
114.243,
2.960,
2.119,
2.100,
1.838,
2.024,
2.030,
75.675,
75.434,
75.561,
97.561,
97.169,
97.333,
114.421,
114.605,
114.789,
1.836,
1.560,
1.903,
2.228,
2.031,
1.972,
3.371,
3.259,
1.985,
75.742,
75.692,
75.479,
97.121,
97.353,
97.527,
115.004,
114.528,
114.696,
3.556,
3.549,
2.287,
2.344,
2.199,
75.537,
75.537,
75.776,
97.871,
97.787,
97.617,
115.548,
115.239,
115.227,
1.035,
1.028,
2.339,
2.328,
4.947,
75.941,
75.494,
75.839,
97.661,
97.653,
97.586,
114.860,
115.390,
114.804,
1.974,
4.055,
2.165,
2.152,
2.373,
2.665,
2.590,
75.892,
75.076,
75.821,
97.199,
97.393,
97.138,
114.550,
115.219,
114.513,
2.514,
1.888,
2.243,
75.557,
75.234,
75.216,
97.802,
97.753,
97.356,
114.897,
115.096,
116.547,
2.426,
2.414,
2.430,
2.760,
2.230,
2.684,
88.364,
87.028,
86.703,
97.584,
97.459,
97.097,
114.239,
114.564,
114.419,
0.966,
0.957,
0.950,
1.850,
1.297,
2.379,
2.364,
2.152,
75.565,
75.607,
75.734,
97.554,
96.993,
97.075,
115.488,
114.127,
115.458,
0.904,
0.889,
1.095,
1.087,
1.901,
1.464,
1.434,
2.250,
2.186,
2.222,
4.314,
4.307,
2.712,
76.208,
75.317,
76.298,
97.647,
97.510,
97.491,
115.048,
114.955,
114.658,
1.183,
1.173,
2.021,
2.363,
1.939,
2.077,
2.025,
75.979,
75.721,
75.331,
97.577,
97.826,
97.322,
114.533,
114.716,
115.176,
1.022,
1.007,
1.288,
1.280,
2.213,
2.010,
2.141,
1.858,
1.719,
2.052,
75.502,
75.095,
75.358,
97.429,
97.979,
97.829,
116.389,
115.950,
114.128,
1.226,
1.217,
1.618,
1.768,
2.047,
2.428,
2.409,
2.396,
2.220,
1.939,
2.013,
75.462,
75.631,
75.044,
97.625,
97.251,
97.376,
96.044,
96.010,
114.573,
115.620,
115.573,
1.815,
1.288,
1.254,
2.562,
2.535,
2.477,
1.989,
1.797,
2.128,
75.603,
75.520,
75.410,
97.403,
97.239,
97.287,
115.016,
114.827,
114.420,
1.934,
1.434,
1.385,
2.224,
2.125,
6.265,
6.261,
2.244,
76.308,
75.552,
75.373,
97.142,
97.395,
97.882,
114.770,
114.593,
114.718,
2.446,
2.180,
1.887,
2.959,
2.350,
75.606,
75.613,
75.554,
99.410,
99.117,
99.101,
115.167,
114.542,
116.014,
1.712,
1.478,
1.342,
2.023,
2.010,
2.001,
77.161,
76.555,
76.174,
97.316,
97.588,
97.551,
114.413,
113.942,
114.297,
0.927,
0.913,
1.085,
1.079,
2.170,
2.291,
2.123,
1.923,
4.456,
2.486,
75.424,
75.701,
75.519,
97.205,
97.706,
97.249,
114.120,
114.397,
114.545,
2.312,
1.805,
1.681,
75.535,
75.464,
75.000,
97.760,
97.844,
97.701,
115.141,
114.714,
114.231,
1.003,
0.995,
4.084,
2.155,
2.277,
2.546,
3.043,
2.670,
76.026,
75.522,
75.304,
97.484,
97.336,
97.070,
114.561,
114.875,
114.736,
1.030,
1.016,
1.817,
6.019,
1.424,
3.071,
3.225,
3.057,
75.553,
75.528,
75.685,
120.841,
119.802,
119.779,
96.839,
96.344,
115.125,
115.099,
114.429,
2.072,
2.140,
1.515,
1.968,
2.126,
1.880,
2.228,
1.839,
2.400,
75.655,
75.603,
75.503,
97.326,
97.329,
97.627,
114.372,
115.665,
115.630,
0.878,
0.863,
1.886,
1.501,
1.465,
3.003,
1.959,
1.654,
75.773,
75.512,
75.434,
97.179,
97.778,
97.732,
116.271,
116.470,
116.251,
3.416,
3.444,
2.234,
87.552,
86.805,
86.752,
97.425,
97.238,
97.203,
115.148,
114.485,
114.380,
1.953,
4.629,
2.464,
75.731,
75.624,
75.480,
97.052,
96.972,
97.372,
114.732,
114.488,
114.615,
1.271,
1.441,
1.876,
1.334,
10.249,
10.242,
2.186,
76.469,
75.970,
75.728,
97.354,
97.240,
97.610,
115.187,
114.540,
114.102,
2.270,
2.094,
3.527,
1.861,
1.869,
2.096,
75.936,
75.526,
75.235,
97.664,
97.209,
97.442,
114.413,
114.885,
114.480,
2.183,
2.177,
2.519,
1.956,
2.073,
75.753,
75.681,
75.399,
98.891,
98.504,
98.187,
114.687,
114.923,
115.096,
2.174,
2.386,
3.234,
3.162,
3.144,
75.632,
75.194,
75.064,
97.604,
97.557,
97.398,
115.001,
114.685,
114.980,
1.711,
6.437,
2.247,
2.288,
3.415,
2.369,
3.361,
75.608,
75.631,
75.517,
97.682,
97.350,
97.570,
117.014,
114.128,
116.242,
2.132,
1.937,
1.955,
75.264,
75.603,
75.171,
97.512,
97.136,
97.005,
124.266,
124.277,
124.262,
2.339,
2.198,
2.074,
2.346,
2.337,
2.250,
75.799,
75.540,
75.146,
97.610,
97.503,
97.328,
115.213,
114.630,
116.433,
1.991,
1.981,
2.079,
75.783,
78.785,
78.467,
97.162,
97.399,
97.475,
114.142,
116.275,
114.454,
1.737,
2.081,
12.838,
2.270,
12.870,
75.323,
75.270,
75.355,
97.637,
97.650,
97.410,
115.133,
115.108,
114.778,
1.138,
1.222,
1.902,
2.107,
9.601,
75.722,
75.728,
75.958,
97.620,
97.425,
97.431,
114.357,
114.580,
114.313,
2.123,
2.154,
2.005,
2.243,
2.222,
75.825,
75.557,
75.239,
97.713,
97.692,
97.663,
116.010,
116.000,
115.928,
1.973,
1.816,
1.940,
1.686,
1.773,
75.692,
75.601,
75.413,
97.028,
97.219,
97.536,
115.634,
114.166,
115.606,
1.019,
1.433,
1.027,
1.014,
1.695,
1.340,
1.419,
1.856,
1.942,
1.823,
1.859,
2.023,
76.394,
76.044,
75.733,
97.173,
97.850,
97.674,
114.893,
114.494,
114.849,
1.043,
1.094,
1.083,
1.851,
1.369,
1.340,
2.353,
2.381,
2.328,
76.119,
75.889,
75.865,
97.190,
97.654,
97.620,
114.840,
115.040,
115.009,
0.935,
0.928,
1.419,
1.412,
1.981,
1.914,
1.962,
2.308,
2.060,
4.244,
1.807,
1.654,
1.822,
75.832,
75.494,
83.798,
97.530,
97.663,
97.174,
114.242,
114.717,
114.550,
1.308,
1.301,
2.363,
2.449,
2.414,
1.879,
4.182,
2.128,
75.269,
75.823,
75.113,
109.418,
109.221,
109.100,
115.472,
115.463,
115.431,
1.777,
1.318,
2.499,
2.429,
5.485,
4.205,
5.105,
77.205,
76.388,
76.305,
97.767,
97.066,
97.359,
114.225,
114.402,
115.042,
1.006,
1.035,
1.728,
1.430,
1.386,
2.582,
2.569,
2.325,
75.798,
75.351,
75.547,
97.023,
97.099,
97.315,
114.438,
114.016,
114.808,
3.519,
1.615,
2.547,
2.401,
2.317,
1.993,
5.990,
1.914,
75.760,
75.639,
75.064,
97.257,
97.255,
97.410,
114.502,
115.409,
114.268,
2.666,
4.669,
8.173,
2.390,
2.304,
2.263,
75.636,
75.604,
75.448,
97.714,
97.731,
97.679,
114.702,
115.338,
114.348,
2.020,
1.450,
5.542,
2.184,
1.971,
1.976,
2.119,
1.852,
75.451,
74.933,
75.212,
97.594,
97.578,
97.174,
115.011,
114.999,
114.335,
0.856,
0.847,
1.876,
2.398,
2.165,
86.491,
84.808,
84.633,
97.762,
97.240,
97.479,
114.870,
114.426,
115.088,
1.849,
2.996,
2.330,
2.315,
2.418,
2.404,
2.158,
75.674,
75.705,
75.485,
97.796,
97.496,
97.272,
115.143,
114.889,
114.785,
2.631,
3.699,
3.464,
94.637,
93.775,
93.747,
97.544,
97.133,
97.384,
115.164,
115.096,
115.629,
1.894,
1.460,
2.137,
2.152,
2.216,
5.727,
5.029,
4.376,
75.789,
75.548,
75.563,
97.861,
97.762,
97.739,
116.222,
116.453,
115.940,
1.060,
1.049,
1.034,
1.890,
2.587,
2.589,
4.361,
3.584,
3.579,
1.969,
4.794,
2.161,
77.224,
76.753,
75.483,
98.436,
98.098,
98.135,
114.747,
116.706,
116.299,
1.185,
1.428,
24.502,
24.459,
24.303,
75.788,
75.478,
75.461,
97.648,
97.193,
97.607,
114.983,
114.430,
114.602,
1.216,
1.208,
0.976,
0.996,
2.444,
2.416,
4.215,
75.697,
74.998,
75.434,
97.236,
97.479,
97.151,
115.447,
115.435,
115.648,
1.841,
1.371,
1.363,
4.429,
4.381,
2.811,
2.803,
2.795,
75.977,
75.502,
75.104,
97.091,
97.060,
97.015,
116.097,
115.677,
115.757,
3.665,
1.856,
2.284,
4.672,
4.648,
75.999,
75.482,
75.522,
97.387,
97.695,
97.538,
115.561,
114.604,
114.890,
2.100,
2.466,
2.222,
2.122,
1.890,
1.776,
75.365,
75.436,
75.180,
97.091,
97.078,
97.775,
115.386,
114.663,
114.766,
6.661,
6.152,
6.001,
2.065,
1.989,
2.667,
2.086,
1.950,
75.799,
75.550,
75.516,
99.513,
99.406,
99.192,
114.697,
115.075,
114.422,
1.505,
1.213,
2.286,
2.258,
2.039,
2.033,
2.119,
75.794,
76.024,
75.394,
97.303,
97.346,
97.551,
115.306,
114.882,
115.285,
2.343,
1.785,
2.046,
88.830,
88.665,
88.374,
97.647,
97.593,
97.561,
114.610,
114.506,
114.850,
1.105,
1.100,
1.123,
2.309,
1.798,
2.181,
75.471,
75.622,
75.478,
97.723,
97.657,
97.492,
116.799,
115.851,
115.865,
10.232,
1.673,
1.879,
2.592,
1.745,
2.295,
2.038,
2.017,
80.927,
80.930,
80.294,
97.186,
97.160,
97.557,
117.018,
116.691,
116.995,
1.849,
1.479,
4.585,
3.761,
3.516,
75.323,
75.150,
75.146,
97.736,
97.486,
97.589,
115.298,
114.388,
114.504,
2.434,
2.220,
1.767,
7.221,
1.748,
75.424,
75.198,
75.262,
97.465,
97.139,
97.109,
116.069,
115.600,
116.396,
1.980,
2.019,
2.129,
80.375,
80.177,
79.929,
97.553,
97.565,
97.139,
115.276,
115.080,
114.688,
0.869,
0.851,
2.088,
1.324,
7.578,
2.129,
2.286,
2.042,
75.747,
75.071,
75.070,
97.523,
97.405,
97.437,
114.589,
114.583,
114.532,
1.350,
1.342,
2.180,
2.002,
2.013,
76.209,
75.946,
75.645,
97.418,
97.278,
97.784,
114.946,
114.456,
115.839,
1.741,
1.364,
2.452,
2.385,
2.084,
2.047,
2.025,
2.009,
75.504,
75.327,
75.665,
97.152,
97.552,
97.569,
114.451,
114.074,
116.273,
1.785,
1.515,
4.219,
4.247,
2.161,
1.936,
2.162,
1.974,
80.270,
79.701,
79.603,
97.860,
97.728,
97.781,
116.231,
114.491,
116.674,
5.180,
4.610,
1.854,
2.365,
2.315,
2.369,
2.381,
2.372,
2.311,
76.887,
75.419,
75.291,
97.510,
97.801,
97.369,
114.551,
116.721,
116.714,
2.577,
2.900,
1.955,
2.163,
2.149,
102.336,
101.558,
101.353,
97.940,
97.771,
97.667,
115.087,
114.837,
114.794,
1.785,
1.432,
1.355,
1.993,
1.866,
2.147,
77.600,
77.122,
76.703,
97.380,
97.159,
97.049,
114.752,
114.472,
115.294,
1.071,
1.065,
1.830,
1.314,
11.427,
1.628,
1.974,
2.524,
2.105,
1.988,
1.855,
1.969,
75.832,
75.388,
75.707,
97.646,
97.557,
97.172,
114.865,
116.511,
114.819,
1.776,
12.701,
2.231,
2.137,
2.291,
2.285,
3.571,
2.266,
75.844,
75.059,
75.550,
97.663,
97.571,
97.504,
114.255,
114.437,
115.130,
1.080,
1.073,
1.764,
2.264,
2.280,
2.493,
2.470,
2.439,
2.026,
1.914,
1.895,
75.619,
75.567,
75.502,
97.184,
97.265,
97.258,
114.659,
114.887,
114.660,
1.288,
1.367,
5.953,
5.200,
5.052,
2.339,
4.397,
1.785,
80.176,
80.162,
79.757,
97.123,
97.576,
97.417,
114.392,
114.797,
114.773,
1.967,
1.463,
1.223,
1.940,
1.970,
1.636,
76.977,
76.741,
76.103,
97.539,
97.449,
97.074,
115.022,
114.992,
114.216,
5.384,
1.517,
2.534,
2.561,
1.880,
2.125,
2.103,
75.770,
75.736,
75.599,
97.439,
97.212,
97.740,
115.170,
115.155,
114.139,
2.193,
2.342,
2.713,
2.102,
2.057,
75.725,
75.334,
75.303,
97.672,
97.282,
97.602,
115.073,
113.906,
115.555,
1.841,
2.141,
2.161,
76.145,
76.053,
75.961,
97.386,
97.440,
97.579,
114.623,
114.753,
114.593,
2.147,
2.134,
1.921,
1.907,
1.852,
75.776,
75.348,
75.357,
97.508,
97.160,
97.153,
114.415,
115.480,
114.715,
2.218,
4.310,
3.059,
76.020,
75.950,
75.801,
104.859,
104.739,
104.169,
114.203,
114.651,
116.696,
1.870,
1.454,
8.282,
2.336,
1.992,
1.704,
75.862,
75.551,
74.932,
97.409,
97.393,
97.022,
114.564,
115.147,
114.984,
1.977,
1.959,
2.016,
75.952,
75.948,
75.413,
97.800,
97.786,
97.279,
114.592,
114.407,
116.136,
1.830,
1.852,
2.158,
2.147,
1.898,
75.416,
75.398,
75.458,
97.215,
97.143,
97.531,
114.563,
114.910,
114.357,
0.972,
0.963,
0.952,
2.123,
2.159,
2.052,
2.741,
2.711,
75.758,
75.203,
75.271,
97.680,
97.634,
97.237,
114.811,
115.022,
115.523,
2.274,
4.083,
3.446,
97.847,
97.852,
97.131,
97.604,
97.520,
97.296,
115.159,
114.791,
114.784,
1.884,
1.314,
1.914,
2.027,
2.057,
75.922,
75.771,
75.364,
97.719,
97.181,
97.206,
115.034,
114.979,
115.208,
1.903,
1.293,
1.785,
2.102,
1.696,
75.675,
75.679,
75.620,
97.497,
97.562,
97.247,
96.364,
96.028,
114.137,
114.794,
114.779,
1.182,
1.175,
6.825,
1.599,
2.360,
1.668,
1.632,
75.998,
75.879,
75.236,
97.726,
97.214,
97.361,
114.384,
116.038,
113.929,
7.087,
1.806,
2.232,
2.065,
2.044,
75.694,
75.395,
75.202,
97.107,
97.491,
97.475,
114.762,
114.409,
114.089,
1.175,
1.213,
2.002,
3.152,
1.836,
75.934,
75.513,
75.451,
97.188,
97.531,
97.094,
115.978,
115.655,
116.334,
1.210,
1.124,
1.449,
1.038,
1.028,
1.061,
1.962,
10.838,
2.529,
75.495,
75.523,
75.045,
97.601,
97.718,
97.252,
115.136,
114.464,
114.118,
1.714,
1.372,
1.551,
1.847,
2.327,
2.259,
2.246,
2.757,
2.409,
2.055,
75.409,
75.409,
75.280,
97.248,
97.736,
97.223,
114.434,
116.174,
116.261,
0.921,
1.469,
1.438,
1.800,
1.371,
1.369,
1.967,
1.855,
2.245,
2.302,
2.290,
2.024,
1.916,
2.253,
75.981,
75.565,
75.549,
105.704,
105.120,
105.096,
114.939,
114.948,
114.921,
2.275,
2.200,
2.185,
2.278,
2.319,
2.256,
75.954,
75.481,
75.216,
97.372,
97.346,
97.537,
114.756,
114.468,
114.579,
0.790,
0.780,
7.574,
6.882,
2.016,
1.965,
1.938,
2.349,
2.344,
1.913,
1.908,
1.770,
76.107,
76.077,
76.048,
97.365,
97.437,
97.342,
115.692,
114.828,
114.989,
1.876,
1.456,
1.786,
2.152,
1.738,
76.000,
75.470,
75.228,
97.604,
97.270,
97.681,
115.745,
114.042,
115.968,
1.021,
1.137,
78.441,
78.404,
78.234,
103.888,
103.780,
103.650,
115.121,
115.501,
115.105,
0.987,
0.992,
1.668,
1.289,
2.549,
2.539,
2.526,
75.148,
75.489,
75.053,
97.143,
97.533,
97.508,
114.485,
114.827,
114.284,
1.712,
1.423,
1.403,
2.138,
2.311,
1.993,
1.968,
1.952,
75.708,
75.433,
75.451,
97.803,
97.320,
97.583,
115.128,
115.120,
114.872,
2.409,
2.294,
2.980,
85.305,
85.216,
85.161,
97.535,
97.740,
97.597,
114.965,
115.328,
115.312,
0.906,
0.894,
2.139,
2.194,
2.181,
1.850,
1.751,
1.805,
75.759,
75.590,
75.367,
97.414,
97.414,
97.561,
114.552,
114.722,
114.518,
9.837,
1.532,
2.937,
11.525,
2.264,
1.915,
2.243,
75.433,
75.446,
75.263,
97.718,
97.581,
97.566,
115.059,
114.573,
116.749,
1.785,
1.459,
6.037,
5.968,
2.377,
75.935,
75.365,
75.444,
97.537,
97.331,
97.608,
114.853,
114.489,
114.137,
2.297,
2.235,
2.114,
3.247,
1.904,
75.438,
75.581,
75.100,
97.233,
97.524,
97.416,
115.023,
115.697,
115.026,
0.959,
0.952,
2.304,
2.213,
2.178,
2.266,
1.615,
1.632,
75.558,
75.459,
75.348,
97.308,
97.294,
97.595,
114.823,
114.567,
114.950,
0.958,
0.950,
0.992,
0.984,
2.426,
2.404,
2.390,
75.512,
75.691,
75.337,
97.701,
97.687,
97.464,
116.207,
116.192,
114.183,
0.960,
0.956,
1.002,
0.992,
4.098,
3.272,
2.598,
2.582,
2.533,
2.138,
2.040,
2.064,
76.776,
76.472,
76.475,
97.315,
97.764,
97.593,
114.954,
114.401,
114.377,
1.793,
2.106,
2.013,
2.420,
2.377,
2.274,
2.148,
2.051,
1.983,
76.123,
76.078,
76.039,
97.213,
97.159,
97.091,
116.493,
116.758,
116.473,
1.094,
1.093,
2.054,
1.519,
3.650,
2.529,
1.770,
6.404,
2.075,
75.773,
75.656,
75.511,
97.246,
97.275,
97.712,
115.372,
115.350,
114.945,
1.789,
1.867,
3.250,
2.125,
3.233,
2.002,
1.960,
2.146,
75.947,
75.688,
75.428,
97.236,
97.563,
97.118,
115.021,
115.803,
115.763,
1.689,
1.253,
1.908,
3.017,
1.812,
75.348,
75.605,
75.268,
97.191,
97.376,
97.573,
114.926,
114.329,
115.032,
2.482,
1.920,
1.882,
75.712,
75.284,
74.913,
97.560,
97.677,
97.670,
114.869,
114.910,
114.809,
1.771,
1.782,
2.078,
2.487,
1.781,
2.119,
1.798,
75.578,
75.730,
75.791,
97.681,
97.271,
97.236,
114.414,
114.328,
114.834,
1.908,
1.413,
1.450,
2.073,
2.029,
2.023,
2.280,
2.223,
2.257,
75.927,
75.420,
75.408,
97.177,
97.273,
97.610,
115.042,
114.215,
115.745,
1.302,
1.296,
1.288,
1.998,
2.333,
2.010,
1.866,
1.856,
75.165,
75.196,
74.955,
97.066,
97.520,
97.492,
114.681,
114.916,
114.904,
4.709,
4.685,
1.089,
1.081,
1.772,
1.736,
2.791,
1.865,
2.083,
76.061,
75.964,
75.708,
97.178,
97.121,
97.393,
116.044,
115.805,
114.323,
1.128,
1.118,
1.140,
4.253,
1.837,
1.580,
1.868,
1.733,
2.239,
2.403,
2.055,
1.964,
1.950,
76.262,
75.404,
75.369,
97.364,
97.378,
97.399,
114.499,
114.826,
113.991,
2.336,
2.073,
4.825,
1.886,
1.584,
75.826,
75.629,
75.275,
97.751,
97.635,
97.606,
116.380,
114.631,
114.509,
1.990,
1.416,
1.441,
2.251,
2.147,
2.172,
2.337,
1.997,
2.026,
85.720,
85.133,
85.122,
97.592,
97.546,
97.104,
115.659,
115.706,
115.692,
1.107,
1.051,
1.044,
1.924,
1.333,
1.403,
2.224,
2.218,
2.317,
2.324,
2.699,
75.539,
75.318,
75.437,
97.493,
97.543,
97.397,
96.761,
96.688,
96.646,
114.214,
114.612,
115.879,
0.956,
0.948,
2.273,
2.194,
2.348,
2.331,
1.752,
75.658,
75.656,
75.642,
97.644,
97.382,
97.663,
115.129,
114.568,
114.536,
1.904,
1.889,
2.064,
96.728,
96.659,
96.344,
97.850,
97.613,
97.447,
114.973,
114.765,
114.627,
1.177,
1.170,
1.917,
2.079,
2.133,
75.963,
75.330,
75.307,
97.508,
97.175,
97.014,
115.351,
114.488,
115.852,
5.026,
4.331,
4.296,
1.877,
1.837,
2.049,
75.693,
75.547,
75.174,
97.711,
97.298,
97.295,
115.998,
115.990,
116.353,
2.253,
2.218,
2.194,
2.225,
4.422,
1.736,
75.771,
75.735,
75.441,
97.462,
97.073,
97.467,
114.882,
114.868,
114.487,
9.476,
2.190,
2.222,
75.790,
75.535,
75.829,
97.152,
97.483,
97.874,
114.782,
115.181,
116.662,
1.226,
1.407,
0.880,
0.872,
1.094,
1.088,
2.056,
2.240,
2.070,
1.797,
2.067,
1.794,
75.778,
75.232,
75.159,
97.072,
97.096,
97.014,
115.820,
115.896,
114.673,
1.730,
3.873,
2.351,
2.287,
3.648,
1.777,
2.122,
1.799,
75.966,
75.597,
75.539,
97.487,
97.455,
97.860,
116.013,
114.151,
114.076,
1.237,
1.230,
2.983,
2.996,
2.001,
4.835,
17.877,
17.874,
1.684,
1.881,
1.892,
1.614,
75.276,
75.229,
75.549,
97.779,
97.323,
97.314,
114.853,
114.518,
115.091,
2.457,
2.345,
3.132,
1.855,
3.079,
75.619,
75.225,
75.553,
97.031,
97.465,
97.522,
114.457,
114.449,
114.186,
2.004,
1.996,
2.105,
75.361,
75.325,
74.937,
99.187,
97.862,
97.800,
114.917,
114.627,
116.539,
1.253,
1.341,
2.321,
1.559,
1.473,
2.011,
1.929,
2.048,
76.678,
80.812,
80.735,
97.499,
97.334,
97.420,
114.471,
114.878,
114.434,
0.911,
0.893,
1.771,
1.480,
2.404,
2.268,
2.247,
2.117,
1.991,
2.161,
78.599,
78.486,
77.971,
97.424,
97.610,
97.187,
115.910,
115.427,
115.884,
1.029,
1.021,
15.050,
1.622,
1.674,
1.634,
3.422,
3.359,
3.207,
75.458,
75.226,
75.457,
97.662,
97.611,
97.242,
114.911,
114.894,
114.642,
1.872,
1.302,
4.582,
7.385,
1.834,
2.511,
2.469,
2.459,
1.931,
1.988,
2.155,
75.961,
75.653,
75.527,
97.130,
96.992,
96.974,
114.654,
114.344,
114.604,
5.243,
5.238,
0.853,
0.846,
2.640,
6.744,
2.209,
1.750,
2.057,
75.635,
75.556,
75.496,
97.449,
97.059,
99.610,
115.712,
115.698,
116.080,
2.229,
2.254,
2.261,
2.706,
2.131,
2.132,
75.267,
75.701,
75.307,
97.587,
97.552,
97.346,
114.368,
114.585,
114.794,
1.565,
1.559,
1.865,
5.135,
1.230,
2.510,
2.406,
2.345,
75.466,
75.431,
75.083,
97.687,
97.535,
97.317,
115.020,
115.499,
115.472,
1.833,
1.896,
1.268,
1.965,
1.803,
2.299,
2.286,
2.267,
2.315,
2.289,
2.014,
75.560,
75.315,
75.386,
97.775,
97.633,
97.045,
114.718,
114.710,
114.937,
1.038,
1.031,
2.356,
2.345,
2.337,
77.983,
76.829,
76.806,
108.411,
108.290,
108.094,
96.565,
96.533,
96.433,
116.082,
114.558,
115.807,
0.987,
1.410,
1.899,
1.244,
1.340,
2.278,
2.156,
1.754,
76.384,
76.200,
75.745,
97.193,
97.599,
97.587,
96.105,
96.039,
115.114,
114.508,
115.064,
2.235,
2.208,
2.232,
107.964,
105.859,
105.838,
98.328,
98.307,
98.275,
114.469,
114.417,
114.920,
2.498,
1.603,
1.582,
5.792,
6.197,
6.114,
75.507,
75.534,
75.497,
97.164,
97.745,
97.225,
95.976,
95.675,
115.233,
115.223,
115.193,
0.807,
0.788,
0.896,
0.915,
1.727,
7.061,
1.351,
1.953,
1.873,
1.673,
75.604,
75.003,
74.991,
97.198,
97.705,
97.020,
114.333,
116.254,
114.364,
2.239,
2.180,
2.157,
2.679,
1.885,
2.188,
75.245,
75.425,
75.380,
97.029,
102.134,
96.977,
115.466,
117.125,
115.399,
1.718,
1.794,
5.185,
2.260,
1.853,
75.795,
75.361,
75.342,
97.403,
97.338,
97.264,
116.053,
114.132,
116.160,
1.333,
1.325,
2.142,
2.281,
12.382,
2.107,
1.954,
2.048,
75.536,
75.522,
75.117,
97.358,
97.640,
97.115,
115.024,
115.967,
114.367,
1.956,
1.936,
2.129,
75.345,
75.315,
75.634,
97.317,
97.307,
97.297,
118.641,
118.600,
118.570,
2.353,
2.695,
5.066,
76.164,
76.156,
75.902,
97.280,
97.572,
97.542,
114.525,
114.576,
115.586,
1.091,
1.121,
1.939,
1.354,
1.461,
2.163,
2.634,
2.693,
2.054,
2.348,
2.482,
1.893,
5.587,
2.302,
75.493,
75.271,
75.147,
97.081,
97.520,
97.403,
115.154,
115.362,
114.521,
3.485,
8.379,
8.299,
75.589,
75.593,
75.863,
97.485,
97.105,
97.368,
114.358,
114.528,
114.810,
5.430,
2.338,
2.334,
2.265,
1.682,
75.329,
80.804,
80.605,
97.743,
97.122,
97.029,
115.655,
115.647,
115.618,
1.765,
1.440,
1.951,
1.849,
2.046,
2.406,
19.359,
3.295,
2.025,
2.112,
75.623,
75.118,
75.244,
97.355,
97.365,
97.561,
115.998,
116.336,
113.996,
2.430,
2.622,
2.582,
75.984,
75.728,
75.225,
97.753,
97.172,
97.135,
114.019,
115.141,
114.189,
1.830,
3.248,
7.901,
2.371,
1.960,
75.925,
75.868,
75.746,
97.658,
97.194,
97.140,
114.384,
115.137,
114.735,
1.921,
1.880,
9.227,
2.625,
2.284,
2.210,
2.120,
2.103,
76.033,
75.631,
75.602,
97.852,
97.532,
97.250,
114.750,
114.533,
114.799,
2.260,
2.222,
1.769,
1.732,
1.734,
76.321,
75.885,
75.720,
97.255,
97.224,
97.164,
115.076,
115.053,
114.536,
2.545,
2.279,
2.560,
75.780,
75.435,
75.423,
97.813,
97.784,
97.394,
114.257,
114.465,
114.455,
1.777,
1.734,
1.586,
2.095,
2.093,
2.166,
1.961,
1.908,
1.892,
77.416,
76.576,
76.384,
115.484,
115.037,
114.531,
4.221,
2.248,
2.064,
2.009,
2.132,
75.853,
75.571,
75.214,
97.722,
97.770,
97.630,
114.599,
114.715,
114.838,
0.977,
0.966,
1.898,
1.411,
1.733,
1.868,
2.531,
2.521,
2.111,
9.678,
2.049,
75.997,
75.631,
75.328,
97.213,
97.215,
97.531,
114.545,
114.686,
114.398,
2.045,
2.014,
2.160,
75.355,
75.517,
75.419,
97.591,
97.599,
97.760,
114.386,
114.908,
114.635,
1.770,
1.438,
2.176,
2.183,
2.222,
2.216,
1.686,
75.435,
75.112,
74.982,
97.215,
96.991,
97.438,
115.426,
115.407,
114.293,
1.105,
1.100,
1.094,
2.130,
6.072,
1.883,
75.789,
75.577,
75.457,
97.353,
97.573,
97.092,
114.352,
114.994,
114.503,
0.927,
0.883,
2.423,
3.211,
3.361,
1.862,
3.189,
75.421,
75.362,
75.452,
97.466,
97.683,
97.752,
115.015,
114.681,
114.998,
1.020,
1.005,
1.087,
1.080,
1.920,
1.462,
1.881,
6.010,
2.126,
75.864,
75.527,
75.554,
98.956,
98.917,
98.552,
114.334,
114.604,
113.964,
1.224,
1.112,
2.225,
2.155,
2.447,
3.150,
1.851,
2.102,
75.306,
74.982,
75.010,
97.783,
97.726,
97.704,
115.570,
115.264,
115.257,
1.216,
1.207,
1.831,
1.470,
1.447,
2.377,
2.366,
2.274,
2.163,
2.122,
75.702,
77.586,
77.586,
97.585,
97.118,
97.896,
114.696,
115.207,
115.497,
1.037,
1.072,
2.001,
1.979,
1.977,
78.006,
77.443,
76.703,
97.309,
97.018,
97.739,
114.571,
114.988,
114.660,
1.787,
1.376,
1.341,
4.610,
4.616,
2.007,
75.858,
75.436,
75.435,
97.160,
97.615,
97.605,
116.517,
114.361,
116.469,
3.336,
3.320,
2.328,
2.229,
2.817,
1.912,
1.766,
2.251,
75.905,
75.667,
75.499,
97.567,
97.784,
97.784,
97.025,
96.659,
114.167,
116.308,
114.448,
2.150,
2.147,
2.259,
2.201,
1.994,
1.871,
75.405,
75.706,
75.110,
97.370,
97.439,
97.030,
114.475,
114.932,
114.717,
2.196,
2.039,
2.255,
75.522,
75.287,
75.399,
97.382,
97.344,
97.661,
114.764,
114.360,
114.080,
1.032,
1.025,
1.939,
1.350,
1.343,
1.751,
1.813,
1.925,
1.947,
1.895,
2.065,
99.309,
98.669,
98.468,
97.989,
97.554,
97.481,
114.529,
115.552,
115.213,
2.355,
2.349,
2.513,
75.805,
75.582,
75.576,
97.266,
97.535,
97.592,
116.467,
114.319,
114.052,
0.855,
0.846,
1.977,
1.690,
1.568,
2.366,
2.226,
2.320,
2.227,
2.179,
2.199,
75.652,
75.056,
75.401,
97.402,
97.550,
97.073,
116.173,
114.447,
114.628,
1.287,
1.293,
1.967,
1.869,
4.136,
2.025,
1.916,
78.044,
77.554,
76.909,
97.175,
97.197,
97.520,
116.211,
116.320,
115.933,
1.017,
1.008,
2.425,
2.406,
2.562,
2.263,
2.340,
75.911,
75.520,
75.445,
97.611,
97.058,
97.355,
116.352,
114.139,
114.630,
2.253,
1.992,
4.058,
84.305,
84.267,
83.963,
97.259,
97.137,
97.533,
116.255,
115.820,
115.828,
1.147,
1.200,
4.757,
1.821,
4.495,
75.359,
75.376,
75.337,
97.459,
97.305,
97.211,
115.511,
115.496,
114.955,
1.723,
1.244,
1.346,
1.962,
2.141,
1.906,
76.070,
75.393,
75.183,
97.104,
97.402,
97.784,
114.461,
114.436,
114.014,
2.913,
2.435,
2.038,
75.698,
75.494,
75.616,
97.379,
97.528,
97.112,
116.091,
116.079,
116.062,
4.140,
2.120,
1.951,
1.858,
2.063,
75.461,
75.144,
75.448,
97.281,
97.683,
97.164,
114.117,
115.269,
114.518,
0.792,
0.776,
1.920,
1.854,
2.257,
2.906,
2.190,
1.866,
1.983,
75.502,
75.300,
74.986,
98.333,
98.042,
98.014,
114.256,
114.601,
114.914,
0.995,
0.981,
2.304,
2.231,
2.284,
2.093,
1.966,
2.125,
75.673,
75.206,
75.493,
97.705,
97.672,
97.553,
114.450,
114.907,
114.225,
0.916,
0.904,
1.939,
1.268,
1.243,
1.691,
1.984,
2.064,
1.911,
1.906,
76.418,
76.367,
76.299,
97.086,
97.603,
97.015,
114.609,
114.838,
114.571,
2.025,
1.865,
1.865,
1.897,
1.690,
76.529,
76.492,
76.444,
97.833,
102.363,
102.357,
115.840,
115.975,
115.832,
0.988,
0.977,
7.668,
7.668,
1.908,
1.937,
1.774,
75.934,
75.842,
75.441,
97.610,
97.485,
97.489,
114.677,
114.688,
115.283,
1.971,
12.074,
2.219,
1.912,
1.997,
75.782,
75.568,
75.548,
97.379,
97.128,
97.105,
114.831,
114.346,
114.801,
4.097,
4.090,
6.546,
6.365,
6.033,
94.949,
94.258,
94.038,
97.504,
97.495,
97.656,
115.741,
114.828,
115.103,
2.408,
2.402,
2.343,
2.037,
1.769,
1.733,
75.569,
75.574,
75.514,
97.754,
97.663,
102.667,
95.830,
96.031,
95.974,
114.586,
114.803,
115.049,
1.098,
1.378,
1.927,
1.912,
2.131,
75.456,
75.511,
75.639,
97.218,
97.435,
97.225,
114.577,
115.109,
115.054,
1.267,
1.270,
1.739,
1.327,
1.413,
1.721,
1.823,
1.892,
2.332,
2.351,
2.242,
2.227,
1.875,
7.267,
75.799,
75.327,
75.167,
97.041,
99.109,
98.987,
114.383,
115.791,
115.752,
